4 4
0 B 0 0 0 0 0 0 7 0 0 0 0 E 2 0 
0 0 0 0 0 0 0 1 0 0 0 0 0 0 0 9 
0 0 0 0 0 0 0 0 0 0 0 0 0 0 0 0 
E 0 0 0 0 0 0 0 0 0 0 0 0 0 0 0 
0 0 0 0 8 0 0 0 F 6 0 0 1 0 0 0 
6 0 0 0 1 D 0 0 0 0 0 0 0 0 0 0 
1 0 0 0 0 0 0 0 0 0 0 0 0 0 0 0 
0 0 0 0 7 0 0 0 0 0 0 0 E 3 0 0 
0 0 0 0 5 0 0 0 0 0 0 0 9 6 0 0 
0 0 0 0 0 0 0 G 0 0 0 1 0 0 0 0 
0 0 0 0 0 0 0 0 0 0 0 F 8 0 0 0 
0 0 0 F E 6 0 0 0 4 0 0 G 0 0 0 
0 0 0 6 0 0 7 0 0 0 0 0 0 0 0 0 
0 0 0 E 0 0 0 0 0 0 0 0 0 B 0 0 
0 C 0 0 0 0 9 0 0 E 0 2 F 0 0 D 
0 0 0 A 0 2 D B 0 C 0 0 0 0 0 0 
