4 4
0 0 0 0 2 0 0 E 0 0 4 0 0 0 0 6 
F 0 0 0 9 0 0 0 5 0 0 G 0 0 0 0 
2 0 0 0 0 0 0 F 0 0 0 0 0 0 9 0 
0 0 0 0 0 0 0 0 F 0 0 0 0 0 0 0 
C 0 0 0 G 0 0 0 0 0 0 0 0 0 0 0 
0 2 0 0 0 0 5 A 0 0 0 0 0 0 0 0 
0 0 0 D 0 0 0 0 0 0 8 0 0 C 0 0 
0 0 0 0 0 0 0 0 0 0 0 5 0 0 0 0 
0 0 0 3 0 7 0 0 0 2 0 0 0 0 1 0 
0 0 0 0 3 0 0 0 0 0 0 0 0 0 0 0 
0 0 0 0 0 0 0 0 0 B 0 0 A 0 0 0 
0 6 7 0 0 0 0 0 0 0 0 0 0 0 0 0 
0 0 1 4 0 0 0 0 0 0 0 0 0 0 B 2 
0 0 0 5 0 0 3 0 C 0 0 0 0 0 0 0 
0 0 0 8 4 0 0 0 0 0 0 0 0 0 0 0 
0 0 0 0 D 0 7 B 0 0 5 0 4 F 0 0 
